==================================================
          COMPREHENSIVE ANALYSIS REPORT           
==================================================

Total students: 1488
Total classes: 31
Total problems: 468

==================================================
                 CLASS STATISTICS                 
==================================================
 class_id  student_count  problem_count  assignment_count  hard_problems_count  hard_problems_percentage  avg_problems_solved_per_student  class_completion_rate  std_problems_solved  min_problems_solved  max_problems_solved  total_submissions  avg_submissions_per_student
        0             70            150                15                   12                      8.00                            18.13                  12.09                11.55                    1                   88               3294                        47.06
        1            171            196                14                   40                     20.41                            79.94                  40.79                24.94                    6                  131              42809                       250.35
        2             35            128                14                   27                     21.09                            90.31                  70.55                29.86                   12                  116               9678                       276.51
        3             21             93                13                   59                     63.44                            18.45                  19.84                17.01                    1                   56                882                        42.00
        4             36             86                10                   32                     37.21                            37.64                  43.77                11.62                    3                   57               4923                       136.75
        5            216            194                31                   54                     27.84                            71.50                  36.86                28.10                    4                  128              51732                       239.50
        6             37             91                 6                   20                     21.98                            55.54                  61.03                15.05                    5                   73               7381                       199.49
        7             63            138                12                   31                     22.46                            86.06                  62.36                20.03                    6                  113              20339                       322.84
        8             40            127                 8                   46                     36.22                            92.82                  73.09                17.95                   30                  108              10966                       274.15
        9             42             89                 8                   16                     17.98                            45.98                  51.66                18.61                    4                   78               6965                       165.83
       10             71            175                15                   33                     18.86                            58.46                  33.41                16.33                    6                  113              15591                       219.59
       11             31             68                 7                   26                     38.24                            40.07                  58.93                15.38                   12                   65               4657                       150.23
       12             39             89                 9                   33                     37.08                            41.33                  46.44                10.80                    9                   60               5147                       131.97
       13             39             80                 9                   35                     43.75                            38.28                  47.85                12.88                    7                   58               5620                       144.10
       14             54            146                20                   56                     38.36                            44.78                  30.67                11.11                   11                   74               9590                       177.59
       15             24            115                10                   32                     27.83                            65.33                  56.81                24.27                    3                   93               5500                       229.17
       16             44            119                 8                   25                     21.01                            98.18                  82.50                20.26                   19                  113              13193                       299.84
       17             38             33                 4                    2                      6.06                             3.00                   9.09                 3.19                    1                   13                315                         8.29
       18             33             91                 2                   28                     30.77                             4.29                   4.71                 5.08                    1                   23                557                        16.88
       19             25            112                11                   37                     33.04                            64.24                  57.36                26.15                    2                   90               6197                       247.88
       20             34             66                 6                   22                     33.33                            40.52                  61.39                11.55                    2                   62               3985                       117.21
       21             23            147                19                   31                     21.09                           100.13                  68.12                22.67                   25                  131               8445                       367.17
       22             27             76                 7                   15                     19.74                            55.70                  73.29                 7.91                   33                   64               5662                       209.70
       23             15              5                 1                   10                    200.00                             1.83                  36.60                 1.17                    1                    4                129                         8.60
       24             57             98                13                   21                     21.43                            46.07                  47.01                21.97                    1                   77              10332                       181.26
       25             38             97                 8                   25                     25.77                            63.16                  65.11                12.72                   29                   78               7665                       201.71
       26             24            164                10                   23                     14.02                            90.92                  55.44                32.07                    3                  120               6413                       267.21
       27             39             75                10                   22                     29.33                            47.49                  63.32                17.54                    2                   61               7116                       182.46
       28             28             66                 7                   12                     18.18                            51.36                  77.82                10.05                   20                   60               5153                       184.04
       29             34             86                 9                   27                     31.40                            37.50                  43.60                 7.92                   20                   58               4350                       127.94
       30             40            121                 7                   38                     31.40                            96.82                  80.02                11.05                   49                  109              10610                       265.25

==================================================
           STUDENT PERFORMANCE SUMMARY            
==================================================
          class_id  n_class_problems   total_score  wecode_score  hard_solved  hard_solved_scaled  total_score_scaled  wecode_score_scaled  submit_count  success_count  error_count  success_rate   error_rate  avg_attempt    qt_score  class_avg_qt    th_score  class_avg_th    ck_score  class_avg_ck
count  1488.000000       1488.000000  1.488000e+03   1488.000000  1488.000000         1488.000000         1488.000000          1488.000000   1488.000000    1488.000000  1488.000000   1488.000000  1488.000000  1488.000000  754.000000   1423.000000  753.000000   1423.000000  755.000000   1423.000000
mean     11.772177        130.843414  6.090568e+05   4787.799470     7.639785            0.489226            0.590053             0.590053    198.384409      84.917339    40.073253      0.441780     0.197882     3.154260    8.294430      8.308415    7.288845      7.287142    5.477483      5.535483
std       9.138322         49.602051  3.360746e+05   2524.824294     4.913846            0.329874            0.269571             0.269571    133.537021      51.920720    36.486836      0.154256     0.129973     1.439581    1.745279      1.088845    2.180342      0.910999    2.152852      1.022112
min       0.000000          5.000000  0.000000e+00      0.000000     0.000000            0.000000            0.000000             0.000000      1.000000       0.000000     0.000000      0.000000     0.000000     1.000000    0.000000      6.062500    0.500000      5.190476    0.000000      3.619048
25%       5.000000         90.000000  3.762556e+05   3143.982051     3.000000            0.245192            0.423425             0.423425    107.000000      48.000000    15.750000      0.362455     0.123308     2.273188    7.500000      6.884956    5.500000      6.668367    4.000000      4.742424
50%      10.000000        128.000000  6.084480e+05   4841.023504     9.000000            0.538462            0.626632             0.626632    184.000000      83.000000    32.000000      0.449127     0.177083     2.880000    9.000000      8.933333    8.000000      7.278761    5.500000      5.266667
75%      19.000000        195.000000  8.843950e+05   6854.217554    10.000000            0.773990            0.805309             0.805309    271.000000     120.000000    54.250000      0.532866     0.251137     3.690909    9.500000      9.010204    9.000000      7.954545    7.000000      6.125000
max      30.000000        196.000000  1.962000e+06  13346.938776    28.000000            1.000000            1.000000             1.000000   1047.000000     356.000000   334.000000      1.000000     1.000000    20.000000   10.000000      9.909091   10.000000      9.142857   10.000000      8.250000

==================================================
             PROBLEM COMPLETION RATES             
==================================================
         success_rate                     is_hard
                 mean    median       std     sum
class_id                                         
0            0.040863  0.014286  0.128988      24
1            0.711031  0.789474  0.261153     331
2            0.802317  0.828571  0.179895     283
3            0.207555  0.190476  0.107328     718
4            0.749334  0.861111  0.281907     246
5            0.609942  0.736111  0.277606     343
6            0.754106  0.891892  0.316640     216
7            0.800363  0.857143  0.222754     288
8            0.903854  0.950000  0.293082     340
9            0.666829  0.714286  0.231153     186
10           0.699076  0.859155  0.458187     228
11           0.589751  0.677419  0.245453     265
12           0.747416  0.820513  0.258378     282
13           0.720974  0.794872  0.338788     283
14           0.672500  0.722222  0.736091     486
15           0.726734  0.750000  0.223700     288
16           0.930529  0.931818  0.278448     265
17           0.105263  0.026316  0.167999      14
18           0.043533  0.030303  0.054498     122
19           0.717909  0.760000  0.240911     314
20           0.706464  0.823529  0.286788     239
21           0.907005  1.000000  0.312850     286
22           0.839377  0.925926  0.275714     156
23           0.179798  0.200000  0.121889      33
24           0.534017  0.596491  0.254272     102
25           0.847965  0.894737  0.213505     251
26           0.781154  0.833333  0.221126     219
27           0.759095  0.820513  0.210855     223
28           0.852395  0.928571  0.212405     126
29           0.694274  0.882353  0.474315     246
30           0.925212  0.950000  0.233882     298

==================================================
              HARD PROBLEM ANALYSIS               
==================================================
Total hard problems: 7701
Unique hard problems: 139

By class:
class_id
0      24
1     331
2     283
3     718
4     246
5     343
6     216
7     288
8     340
9     186
10    228
11    265
12    282
13    283
14    486
15    288
16    265
17     14
18    122
19    314
20    239
21    286
22    156
23     33
24    102
25    251
26    219
27    223
28    126
29    246
30    298