==================================================
          COMPREHENSIVE ANALYSIS REPORT           
==================================================

Total students: 1488
Total classes: 31
Total problems: 468

==================================================
                 CLASS STATISTICS                 
==================================================
 class_id  student_count  problem_count  assignment_count  hard_problems_count  hard_problems_percentage  avg_problems_solved_per_student  class_completion_rate  std_problems_solved  min_problems_solved  max_problems_solved  total_submissions  avg_submissions_per_student
        0             70            150                15                   18                     12.00                            18.19                  12.13                11.84                    1                   91               3294                        47.06
        1            171            196                14                   48                     24.49                            80.33                  40.98                24.88                    6                  131              42809                       250.35
        2             35            128                14                   27                     21.09                            90.51                  70.71                29.79                   12                  116               9678                       276.51
        3             21             93                13                  115                    123.66                            17.90                  19.25                17.23                    1                   56                882                        42.00
        4             36             86                10                   34                     39.53                            37.75                  43.90                11.60                    3                   57               4923                       136.75
        5            216            194                31                  101                     52.06                            72.03                  37.13                28.17                    4                  128              51732                       239.50
        6             37             91                 6                   23                     25.27                            55.81                  61.33                14.97                    5                   75               7381                       199.49
        7             63            138                12                   45                     32.61                            86.57                  62.73                19.87                    7                  114              20339                       322.84
        8             40            127                 8                   52                     40.94                            93.08                  73.29                17.79                   30                  108              10966                       274.15
        9             42             89                 8                   32                     35.96                            46.17                  51.88                18.71                    4                   78               6965                       165.83
       10             71            175                15                   38                     21.71                            58.65                  33.51                16.25                    6                  113              15591                       219.59
       11             31             68                 7                   67                     98.53                            40.21                  59.13                15.41                   12                   65               4657                       150.23
       12             39             89                 9                   34                     38.20                            41.69                  46.84                10.82                   10                   62               5147                       131.97
       13             39             80                 9                   36                     45.00                            38.49                  48.11                12.81                    7                   58               5620                       144.10
       14             54            146                20                   63                     43.15                            45.20                  30.96                11.07                   11                   74               9590                       177.59
       15             24            115                10                   46                     40.00                            65.67                  57.10                24.38                    3                   94               5500                       229.17
       16             44            119                 8                   25                     21.01                            98.48                  82.76                20.01                   20                  113              13193                       299.84
       17             38             33                 4                    4                     12.12                             3.00                   9.09                 3.19                    1                   13                315                         8.29
       18             33             91                 2                   31                     34.07                             4.39                   4.82                 5.06                    1                   23                557                        16.88
       19             25            112                11                   50                     44.64                            64.56                  57.64                26.28                    2                   90               6197                       247.88
       20             34             66                 6                   29                     43.94                            40.52                  61.39                11.55                    2                   62               3985                       117.21
       21             23            147                19                   45                     30.61                           100.61                  68.44                22.33                   27                  131               8445                       367.17
       22             27             76                 7                   21                     27.63                            55.96                  73.63                 7.63                   34                   64               5662                       209.70
       23             15              5                 1                   10                    200.00                             1.71                  34.20                 1.11                    1                    4                129                         8.60
       24             57             98                13                   67                     68.37                            46.30                  47.24                21.99                    1                   77              10332                       181.26
       25             38             97                 8                   25                     25.77                            63.32                  65.28                12.68                   29                   79               7665                       201.71
       26             24            164                10                   28                     17.07                            91.00                  55.49                32.13                    3                  121               6413                       267.21
       27             39             75                10                   22                     29.33                            47.72                  63.63                17.54                    2                   61               7116                       182.46
       28             28             66                 7                   17                     25.76                            51.64                  78.24                 9.87                   20                   60               5153                       184.04
       29             34             86                 9                   28                     32.56                            37.68                  43.81                 7.84                   21                   58               4350                       127.94
       30             40            121                 7                   43                     35.54                            97.08                  80.23                11.03                   49                  109              10610                       265.25

==================================================
           STUDENT PERFORMANCE SUMMARY            
==================================================
          class_id  n_class_problems   total_score  wecode_score  hard_solved  hard_solved_scaled  total_score_scaled  wecode_score_scaled  submit_count  success_count  error_count  success_rate   error_rate  avg_attempt    qt_score  class_avg_qt    th_score  class_avg_th    ck_score  class_avg_ck
count  1488.000000       1488.000000  1.488000e+03   1488.000000  1488.000000         1488.000000         1488.000000          1488.000000   1488.000000    1488.000000  1488.000000   1488.000000  1488.000000  1488.000000  754.000000   1423.000000  753.000000   1423.000000  755.000000   1423.000000
mean     11.772177        130.843414  6.090568e+05   4787.799470    10.852151            0.469032            0.590053             0.590053    198.384409      92.487903    40.073253      0.477443     0.197882     3.154260    8.294430      8.308415    7.288845      7.287142    5.477483      5.535483
std       9.138322         49.602051  3.360746e+05   2524.824294     8.539456            0.312752            0.269571             0.269571    133.537021      57.413493    36.486836      0.158838     0.129973     1.439581    1.745279      1.088845    2.180342      0.910999    2.152852      1.022112
min       0.000000          5.000000  0.000000e+00      0.000000     0.000000            0.000000            0.000000             0.000000      1.000000       0.000000     0.000000      0.000000     0.000000     1.000000    0.000000      6.062500    0.500000      5.190476    0.000000      3.619048
25%       5.000000         90.000000  3.762556e+05   3143.982051     6.000000            0.203704            0.423425             0.423425    107.000000      52.000000    15.750000      0.395785     0.123308     2.273188    7.500000      6.884956    5.500000      6.668367    4.000000      4.742424
50%      10.000000        128.000000  6.084480e+05   4841.023504    10.000000            0.500000            0.626632             0.626632    184.000000      89.000000    32.000000      0.488888     0.177083     2.880000    9.000000      8.933333    8.000000      7.278761    5.500000      5.266667
75%      19.000000        195.000000  8.843950e+05   6854.217554    14.000000            0.727273            0.805309             0.805309    271.000000     130.000000    54.250000      0.572057     0.251137     3.690909    9.500000      9.010204    9.000000      7.954545    7.000000      6.125000
max      30.000000        196.000000  1.962000e+06  13346.938776    55.000000            1.000000            1.000000             1.000000   1047.000000     381.000000   334.000000      1.000000     1.000000    20.000000   10.000000      9.909091   10.000000      9.142857   10.000000      8.250000

==================================================
             PROBLEM COMPLETION RATES             
==================================================
         success_rate                     is_hard
                 mean    median       std     sum
class_id                                         
0            0.040962  0.014286  0.128965      30
1            0.714509  0.801170  0.261587     403
2            0.804748  0.828571  0.180367     283
3            0.211499  0.190476  0.105861    1500
4            0.750463  0.861111  0.281629     269
5            0.613309  0.736111  0.277443     632
6            0.756508  0.891892  0.316115     234
7            0.804289  0.857143  0.222726     337
8            0.905793  0.950000  0.292010     394
9            0.669332  0.714286  0.229604     326
10           0.700765  0.859155  0.458577     256
11           0.591351  0.677419  0.244206     655
12           0.752549  0.820513  0.257947     295
13           0.723882  0.794872  0.339205     296
14           0.676659  0.740741  0.736865     534
15           0.729263  0.750000  0.224143     395
16           0.933245  0.931818  0.280546     265
17           0.105263  0.026316  0.167999      34
18           0.044272  0.030303  0.054106     129
19           0.719104  0.760000  0.240150     422
20           0.706464  0.823529  0.286788     318
21           0.910701  1.000000  0.312738     405
22           0.841877  0.925926  0.274525     197
23           0.200000  0.200000  0.149071      33
24           0.536829  0.596491  0.255200     255
25           0.849965  0.894737  0.213743     251
26           0.782006  0.833333  0.220843     245
27           0.761888  0.820513  0.210387     223
28           0.857463  0.928571  0.210488     151
29           0.696817  0.882353  0.474999     259
30           0.927094  0.950000  0.232665     349

==================================================
              HARD PROBLEM ANALYSIS               
==================================================
Total hard problems: 10375
Unique hard problems: 235

By class:
class_id
0       30
1      403
2      283
3     1500
4      269
5      632
6      234
7      337
8      394
9      326
10     256
11     655
12     295
13     296
14     534
15     395
16     265
17      34
18     129
19     422
20     318
21     405
22     197
23      33
24     255
25     251
26     245
27     223
28     151
29     259
30     349