==================================================
          COMPREHENSIVE ANALYSIS REPORT           
==================================================

Total students: 1456
Total classes: 31
Total problems: 310

==================================================
                 CLASS STATISTICS                 
==================================================
 class_id  student_count  problem_count  assignment_count  hard_problems_count  hard_problems_percentage  avg_problems_solved_per_student  class_completion_rate  std_problems_solved  min_problems_solved  max_problems_solved  total_submissions  avg_submissions_per_student
        0             70             43                14                 11.0                     25.58                            16.62                  38.65                 7.42                  1.0                 34.0               3002                        42.89
        1            171            117                13                 40.0                     34.19                            79.49                  67.94                24.43                  6.0                106.0              42361                       247.73
        2             35            119                13                 27.0                     22.69                            90.14                  75.75                29.73                 12.0                111.0               9622                       274.91
        3             21             88                12                 56.0                     63.64                            18.40                  20.91                16.93                  1.0                 56.0                854                        40.67
        4             36             49                 9                 24.0                     48.98                            36.69                  74.88                10.81                  3.0                 46.0               4743                       131.75
        5            216            146                30                 54.0                     36.99                            71.20                  48.77                28.04                  4.0                124.0              51391                       237.92
        6             37             70                 5                 18.0                     25.71                            54.92                  78.46                14.89                  4.0                 66.0               7277                       196.68
        7             63            109                11                 29.0                     26.61                            82.97                  76.12                18.21                  6.0                102.0              19612                       311.30
        8             40            122                 7                 46.0                     37.70                            92.70                  75.98                17.92                 30.0                108.0              10956                       273.90
        9             42             80                 7                 16.0                     20.00                            45.79                  57.24                18.55                  4.0                 77.0               6936                       165.14
       10             71             89                14                 25.0                     28.09                            56.70                  63.71                14.26                  6.0                 74.0              15055                       212.04
       11             31             66                 6                 25.0                     37.88                            40.03                  60.65                15.37                 12.0                 65.0               4639                       149.65
       12             39             64                 8                 28.0                     43.75                            40.85                  63.83                10.26                  9.0                 57.0               5042                       129.28
       13             39             53                 8                 28.0                     52.83                            37.82                  71.36                12.40                  7.0                 49.0               5516                       141.44
       14             54            111                19                 51.0                     45.95                            43.89                  39.54                10.31                 11.0                 74.0               9367                       173.46
       15             24            100                 9                 31.0                     31.00                            64.88                  64.88                23.85                  3.0                 89.0               5460                       227.50
       16             44            119                 8                 25.0                     21.01                            98.18                  82.50                20.26                 19.0                113.0              13192                       299.82
       17             38             24                 3                  2.0                      8.33                             2.91                  12.13                 3.15                  1.0                 13.0                283                         7.45
       18             33              2                 1                  0.0                      0.00                             0.00                   0.00                 0.00                  0.0                  0.0                  6                         6.00
       19             25            103                10                 36.0                     34.95                            64.04                  62.17                26.02                  2.0                 90.0               6128                       245.12
       20             34             53                 5                 22.0                     41.51                            40.15                  75.75                11.06                  2.0                 51.0               3885                       114.26
       21             23            135                18                 31.0                     22.96                            99.78                  73.91                22.58                 25.0                131.0               8416                       365.91
       22             27             72                 6                 14.0                     19.44                            55.59                  77.21                 7.85                 33.0                 62.0               5630                       208.52
       23             15              5                 1                 10.0                    200.00                             1.83                  36.60                 1.17                  1.0                  4.0                129                         8.60
       24             57             89                12                 18.0                     20.22                            45.93                  51.61                22.00                  1.0                 77.0              10193                       178.82
       25             38             75                 7                 23.0                     30.67                            62.74                  83.65                12.39                 29.0                 70.0               7609                       200.24
       26             24            118                 9                 20.0                     16.95                            89.58                  75.92                31.94                  3.0                116.0               6140                       255.83
       27             39             64                 9                 20.0                     31.25                            47.28                  73.88                17.52                  2.0                 60.0               7053                       180.85
       28             28             63                 6                 12.0                     19.05                            51.36                  81.52                10.05                 20.0                 60.0               5130                       183.21
       29             34             45                 8                 24.0                     53.33                            36.50                  81.11                 6.63                 20.0                 43.0               4167                       122.56
       30             40            113                 6                 37.0                     32.74                            96.70                  85.58                10.95                 49.0                108.0              10580                       264.50

==================================================
           STUDENT PERFORMANCE SUMMARY            
==================================================
          class_id  n_class_problems   total_score  wecode_score  hard_solved  hard_solved_scaled  total_score_scaled  wecode_score_scaled  submit_count  success_count  error_count  success_rate   error_rate  avg_attempt    qt_score  class_avg_qt    th_score  class_avg_th    ck_score  class_avg_ck  practice_wecode_score  practice_wecode_score_scaled  practice_submit_count  practice_success_count  practice_error_count  practice_success_rate  practice_error_rate  practice_avg_attempt
count  1456.000000       1456.000000  1.456000e+03   1456.000000  1456.000000         1456.000000         1456.000000          1456.000000   1456.000000    1456.000000  1456.000000   1456.000000  1456.000000  1456.000000  737.000000   1390.000000  736.000000   1390.000000  738.000000   1390.000000            1456.000000                   1456.000000            1456.000000             1456.000000           1456.000000            1456.000000          1456.000000           1456.000000
mean     11.635302         94.878434  6.141104e+05   6387.833155     7.695055            0.524304            0.679524             0.679524    199.432692      85.530907    40.384615      0.442352     0.198375     3.140072    8.267300      8.280824    7.286005      7.284183    5.447154      5.505601             200.040704                      0.052911               2.953984                1.129808              0.519231               0.067783             0.032856              0.631724
std       9.190962         35.208768  3.250505e+05   2691.826887     4.800101            0.348846            0.269823             0.269823    130.315724      50.416401    36.080672      0.148761     0.126473     1.358070    1.726292      1.086692    2.188574      0.921553    2.156036      1.015383             794.951019                      0.180389              12.443796                5.804517              2.573385               0.198033             0.125412              2.104062
min       0.000000          2.000000  0.000000e+00      0.000000     0.000000            0.000000            0.000000             0.000000      1.000000       0.000000     0.000000      0.000000     0.000000     1.000000    0.000000      6.062500    0.500000      5.190476    0.000000      3.619048               0.000000                      0.000000               0.000000                0.000000              0.000000               0.000000             0.000000              0.000000
25%       5.000000         66.000000  3.931988e+05   4742.022472     4.000000            0.250000            0.528269             0.528269    111.000000      51.000000    16.000000      0.365255     0.125000     2.274376    7.500000      6.884956    5.500000      6.668367    4.000000      4.742424               0.000000                      0.000000               0.000000                0.000000              0.000000               0.000000             0.000000              0.000000
50%       9.000000        103.000000  6.100000e+05   7092.343430     9.000000            0.562500            0.758849             0.758849    183.500000      83.000000    32.000000      0.449577     0.178701     2.881667    9.000000      8.933333    8.000000      7.278761    5.500000      5.266667               0.000000                      0.000000               0.000000                0.000000              0.000000               0.000000             0.000000              0.000000
75%      19.000000        118.000000  8.800000e+05   8594.230159    10.000000            0.818182            0.902590             0.902590    271.000000     119.250000    55.000000      0.534913     0.251137     3.695671    9.500000      9.010204    9.000000      8.080000    7.000000      6.125000               0.000000                      0.000000               0.000000                0.000000              0.000000               0.000000             0.000000              0.000000
max      30.000000        146.000000  1.962000e+06  14533.333333    29.000000            1.000000            1.000000             1.000000   1047.000000     356.000000   334.000000      1.000000     1.000000    20.000000   10.000000      9.909091   10.000000      9.142857   10.000000      8.250000            9450.433333                      1.000000             181.000000              100.000000             35.000000               1.000000             1.000000             49.000000

==================================================
             PROBLEM COMPLETION RATES             
==================================================
         success_rate                     is_hard
                 mean    median       std     sum
class_id                                         
0            0.126087  0.014286  0.244340      23
1            0.752678  0.801170  0.199326     331
2            0.804908  0.828571  0.169425     283
3            0.210669  0.190476  0.106423     692
4            0.814370  0.861111  0.180430     230
5            0.650453  0.736111  0.233807     335
6            0.829407  0.891892  0.209785     194
7            0.827692  0.857143  0.173124     282
8            0.909491  0.950000  0.286293     340
9            0.675316  0.714286  0.216491     185
10           0.820630  0.873239  0.386831     210
11           0.590446  0.677419  0.244123     260
12           0.796049  0.846154  0.182630     271
13           0.808082  0.820513  0.243068     271
14           0.715936  0.777778  0.743626     426
15           0.735526  0.750000  0.206803     286
16           0.928361  0.931818  0.277231     264
17           0.130898  0.026316  0.185025      14
18           0.000000  0.000000  0.000000       0
19           0.724031  0.760000  0.228796     313
20           0.761441  0.823529  0.193624     239
21           0.921323  1.000000  0.291863     283
22           0.857943  0.925926  0.246339     151
23           0.179798  0.200000  0.121889      33
24           0.557060  0.596491  0.230768      99
25           0.872330  0.894737  0.160553     245
26           0.807649  0.833333  0.155824     214
27           0.781324  0.820513  0.168061     217
28           0.856993  0.928571  0.201524     126
29           0.925654  0.911765  0.277476     221
30           0.934131  0.950000  0.216739     293

==================================================
              HARD PROBLEM ANALYSIS               
==================================================
Total hard problems: 7331
Unique hard problems: 110

By class:
class_id
0      23
1     331
2     283
3     692
4     230
5     335
6     194
7     282
8     340
9     185
10    210
11    260
12    271
13    271
14    426
15    286
16    264
17     14
19    313
20    239
21    283
22    151
23     33
24     99
25    245
26    214
27    217
28    126
29    221
30    293